# Cross-section table for signal
# Format: mA | ma | cross_section (pb)
#================================================================================
mA         ma         cross_section (pb)  
--------------------------------------------------------------------------------
300        50         0.0002870400
300        100        0.0001964800
300        200        0.0000933470
500        50         0.0002886500
500        100        0.0001970500
500        200        0.0000860830
500        300        0.0000396940
500        400        0.0000155490
700        50         0.0002880400
700        100        0.0001928100
700        200        0.0000857730
700        300        0.0000382320
700        400        0.0000137660
700        500        0.0000065590
700        600        0.0000037915
900        50         0.0002917000
900        100        0.0001972900
900        200        0.0000864770
900        300        0.0000384830
900        400        0.0000138430
900        500        0.0000064801
900        600        0.0000033532
900        800        0.0000012424
1200       50         0.0002858200
1200       100        0.0001942100
1200       200        0.0000830150
1200       300        0.0000383240
1200       400        0.0000135060
1200       500        0.0000062129
1200       600        0.0000032678
1200       800        0.0000010889
1200       1000       0.0000004307
1500       50         0.0002847100
1500       100        0.0001965200
1500       200        0.0000853310
1500       300        0.0000392290
1500       400        0.0000135310
1500       500        0.0000063316
1500       600        0.0000031783
1500       800        0.0000010543
1500       1000       0.0000003956
1500       1200       0.0000001726
